2848960    131744
2848960    131744
2848960    131744
2848960    131744
2848960    131744
2848960    131744
2848960    131744
2849864    132156
2896228    160412
2900132    165564
2907168    167376
2896716    159900
2894980    156184
2895352    156352
2886648    154488
2888060    152660
2888060    152620
2888060    152668
2888060    154268
2888060    154340
2888060    154340
2888060    154344
2888060    154344
2886860    154124
2886860    154124
2886860    153788
2886860    153788
2886860    153788
2886860    153788
2886860    153788
2886860    153788
2886860    153788
2886860    153788
2886860    153788
2886860    153788
2886860    153788
2886860    153364
2887480    153736
2887604    153852
2887728    153944
2897952    155564
2903352    157544
2899776    153668
2899404    153476
2891208    153456
2891208    153456
2891208    153456
2891208    153456
2891208    153452
2891208    153452
2891208    153468
2889596    153276
2889596    153276
2889596    153276
2889596    153276
2889596    153276
2889596    153276
2889596    153276
2889596    153276
2889596    153276
