0    0
10    4445
20    2110
30    224
40    321
50    4252
60    5368
70    358
80    222
90    2964
100    3751
110    302
120    223
130    223
140    223
150    223
160    4773
170    168
180    0
190    143
200    0
210    3568
220    4033
230    0
240    0
250    3062
260    0
270    0
280    0
290    3164
300    231
310    426
320    0
330    229
340    6186
350    5664
360    2073
370    959
380    959
390    956
400    1106
410    4319
420    1002
430    4525
440    978
450    960
460    940
470    4070
480    5913
490    1
500    0
510    0
520    0
530    5351
540    1869
550    940
560    2559
570    0
580    0
590    5340
